$object "" {
 $node "Scene_Root" {
  $frame {
   1.0 0.0 0.0
   0.0 1.0 0.0
   0.0 0.0 1.0
   0.0 0.0 0.0
  }
  $node "EntityPosition" {
   $frame {
    0.0 1.0 0.0
    0.0 0.0 -1.0
    -1.0 0.0 0.0
    0.0 0.0 0.0
   }
  }
  $node "Pelvis" {
   $frame {
    0.0 1.0 0.0
    0.0 0.0 -1.0
    -1.0 0.0 0.0
    0.0 0.0 1.0
   }
   $node "LeftUpLeg" {
    $frame {
     -0.9972293 -0.0103096 -0.0736716
     -0.0103098 1.0 -0.0003787
     0.0736716 0.0003819 -0.9972826
     -0.08 -0.103 0.0
    }
    $node "LeftUpLegRoll" {
     $frame {
      1.0 0.0 0.0
      0.0 1.0 0.0
      0.0 0.0 1.0
      0.215 0.0 0.0
     }
     $node "LeftKneeExtra" {
      $frame {
       0.9947308 -0.1025208 0.0
       0.1025208 0.9947308 0.0
       0.0 0.0 1.0
       0.205 0.0 0.0100031
      }
     }
     $node "LeftLeg" {
      $frame {
       0.9853864 -0.1703336 0.0
       0.1703336 0.9853864 0.0
       0.0 0.0 1.0
       0.205 0.0 0.0
      }
      $node "LeftLegRoll" {
       $frame {
        1.0 0.0 0.0
        0.0 1.0 0.0
        0.0 0.0 1.0
        0.2200001 0.0 0.0
       }
       $node "LeftFoot" {
        $frame {
         0.979664 0.1867205 -0.0734426
         -0.1870588 0.982346 0.0023061
         0.0725767 0.0114789 0.9972968
         0.1850001 0.0 0.0
        }
        $node "LeftToeBase" {
         $frame {
          0.0 1.0 0.0
          -1.0 0.0 0.0
          0.0 0.0 1.0
          0.0850014 0.0 0.1350043
         }
         $node "LeftToeBase_End" {
          $frame {
           1.0 0.0 0.0
           0.0 1.0 0.0
           0.0 0.0 1.0
           0.0674666 0.0 0.0
          }
         }
        }
       }
      }
     }
    }
   }
   $node "RightUpLeg" {
    $frame {
     0.9972293 0.0103102 -0.0736712
     0.01031 -1.0 -0.0003828
     -0.0736713 -0.0003778 -0.9972826
     -0.08 0.103 0.0
    }
    $node "RightUpLegRoll" {
     $frame {
      1.0 0.0 0.0
      0.0 1.0 0.0
      0.0 0.0 1.0
      -0.2149998 0.0 0.0
     }
     $node "RightKneeExtra" {
      $frame {
       0.9947311 -0.1025189 0.0
       0.1025189 0.9947311 0.0
       0.0 0.0 1.0
       -0.2050001 0.0 -0.0100036
      }
     }
     $node "RightLeg" {
      $frame {
       0.9853868 -0.1703312 0.0
       0.1703312 0.9853868 0.0
       0.0 0.0 1.0
       -0.205 0.0 0.0
      }
      $node "RightLegRoll" {
       $frame {
        1.0 0.0 0.0
        0.0 1.0 0.0
        0.0 0.0 1.0
        -0.2199999 0.0 0.0
       }
       $node "RightFoot" {
        $frame {
         0.9796648 0.1867149 -0.0734469
         -0.1870533 0.9823471 0.0023049
         0.0725807 0.0114804 0.9972965
         -0.1849999 0.0 0.0
        }
        $node "RightToeBase" {
         $frame {
          0.0 1.0 0.0
          -1.0 0.0 0.0
          0.0 0.0 1.0
          -0.0849995 0.0 -0.1350023
         }
         $node "RightToeBase_End" {
          $frame {
           1.0 0.0 0.0
           0.0 1.0 0.0
           0.0 0.0 1.0
           -0.0674666 0.0 0.0
          }
         }
        }
       }
      }
     }
    }
   }
   $node "Spine" {
    $frame {
     0.9986294 -0.0523382 0.0
     0.0523382 0.9986294 0.0
     0.0 0.0 1.0
     0.03 0.0 0.0
    }
    $node "Spine1" {
     $frame {
      0.9986296 -0.0523353 0.0
      0.0523353 0.9986296 0.0
      0.0 0.0 1.0
      0.0299588 0.0 0.0015701
     }
     $node "Spine2" {
      $frame {
       0.9986296 -0.0523345 0.0
       0.0523345 0.9986296 0.0
       0.0 0.0 1.0
       0.0771668 0.0 0.0
      }
      $node "Spine3" {
       $frame {
        0.9876884 0.156434 0.0
        -0.156434 0.9876884 0.0
        0.0 0.0 1.0
        0.1006421 0.0 -0.0066785
       }
       $node "Neck" {
        $frame {
         0.9848068 0.1736533 0.0
         -0.1736533 0.9848068 0.0
         0.0 0.0 1.0
         0.2548667 0.0 0.015112
        }
        $node "Neck1" {
         $frame {
          0.9848077 -0.1736485 0.0
          0.1736485 0.9848077 0.0
          0.0 0.0 1.0
          0.0764657 0.0 0.0017485
         }
         $node "Head" {
          $frame {
           1.0 0.0 0.0
           0.0 1.0 0.0
           0.0 0.0 1.0
           0.0549999 0.0 0.0
          }
          $node "Camera1st_lock" {
           $frame {
            0.0 1.0 0.0
            0.0 0.0 1.0
            1.0 0.0 0.0
            0.0521002 -0.0283 0.0239
           }
          }
          $node "Camera1st_free" {
           $frame {
            0.0 1.0 0.0
            0.0 0.0 1.0
            1.0 0.0 0.0
            0.0521002 -0.0283 0.0239
           }
          }
          $node "Face_Hub" {
           $frame {
            1.0 0.0 0.0
            0.0 1.0 0.0
            0.0 0.0 1.0
            0.0420005 0.0 0.0
           }
           $node "Face_EyelidUpperLeft" {
            $frame {
             1.0 0.0 0.0
             0.0 1.0 0.0
             0.0 0.0 1.0
             -0.0094422 -0.0350036 -0.0439006
            }
           }
           $node "Face_EyelidUpperRight" {
            $frame {
             1.0 0.0 0.0
             0.0 1.0 0.0
             0.0 0.0 1.0
             -0.0094425 0.0349965 -0.0439006
            }
           }
           $node "Face_Jawbone" {
            $frame {
             1.0 0.0 0.0
             0.0 1.0 0.0
             0.0 0.0 1.0
             -0.0371034 0.0 0.0204349
            }
            $node "Face_Chin" {
             $frame {
              1.0 0.0 0.0
              0.0 1.0 0.0
              0.0 0.0 1.0
              0.0096184 0.0 0.0106644
             }
            }
            $node "Face_ChopLeft" {
             $frame {
              1.0 0.0 0.0
              0.0 1.0 0.0
              0.0 0.0 1.0
              -0.0503815 -0.0500005 0.1556644
             }
            }
            $node "Face_ChopRight" {
             $frame {
              1.0 0.0 0.0
              0.0 1.0 0.0
              0.0 0.0 1.0
              -0.0503815 0.0499962 0.1556643
             }
            }
            $node "Face_Jowl" {
             $frame {
              1.0 0.0 0.0
              0.0 1.0 0.0
              0.0 0.0 1.0
              -0.1740036 0.0 0.0343051
             }
            }
            $node "Face_LipLowerLeft" {
             $frame {
              1.0 0.0 0.0
              0.0 1.0 0.0
              0.0 0.0 1.0
              -0.0227201 -0.015004 0.0797114
             }
            }
            $node "Face_LipLowerMiddle" {
             $frame {
              1.0 0.0 0.0
              0.0 1.0 0.0
              0.0 0.0 1.0
              -0.0203815 0.0 0.0856643
             }
            }
            $node "Face_LipLowerRight" {
             $frame {
              1.0 0.0 0.0
              0.0 1.0 0.0
              0.0 0.0 1.0
              -0.0227201 0.014996 0.0797114
             }
            }
            $node "Face_Tongue" {
             $frame {
              1.0 0.0 0.0
              0.0 1.0 0.0
              0.0 0.0 1.0
              -0.0148586 0.0 0.114402
             }
            }
           }
           $node "EyeRight" {
            $frame {
             1.0 0.0 0.0
             0.0 1.0 0.0
             0.0 0.0 1.0
             0.0215 0.0329997 0.0835002
            }
           }
           $node "EyeLeft" {
            $frame {
             1.0 0.0 0.0
             0.0 1.0 0.0
             0.0 0.0 1.0
             0.0215001 -0.0330004 0.0834985
            }
           }
           $node "Face_CheekFrontLeft" {
            $frame {
             1.0 0.0 0.0
             0.0 1.0 0.0
             0.0 0.0 1.0
             -0.0674919 0.0699966 0.1420957
            }
           }
           $node "Face_CheekFrontRight" {
            $frame {
             1.0 0.0 0.0
             0.0 1.0 0.0
             0.0 0.0 1.0
             -0.0674921 -0.0700036 0.1420957
            }
           }
           $node "Face_CheekUpperLeft" {
            $frame {
             1.0 0.0 0.0
             0.0 1.0 0.0
             0.0 0.0 1.0
             0.0625075 0.1099967 0.0310994
            }
           }
           $node "Face_CheekUpperRight" {
            $frame {
             1.0 0.0 0.0
             0.0 1.0 0.0
             0.0 0.0 1.0
             0.0625078 -0.1100038 0.0310994
            }
           }
           $node "Face_CornerLeft" {
            $frame {
             1.0 0.0 0.0
             0.0 1.0 0.0
             0.0 0.0 1.0
             -0.0574922 0.1549967 -0.0439007
            }
            $node "Face_CheekSideLeft" {
             $frame {
              1.0 0.0 0.0
              0.0 1.0 0.0
              0.0 0.0 1.0
              0.02 0.0 0.0
             }
            }
           }
           $node "Face_CornerRight" {
            $frame {
             1.0 0.0 0.0
             0.0 1.0 0.0
             0.0 0.0 1.0
             -0.0574921 -0.1550039 -0.0439007
            }
            $node "Face_CheekSideRight" {
             $frame {
              1.0 0.0 0.0
              0.0 1.0 0.0
              0.0 0.0 1.0
              0.02 0.0 0.0
             }
            }
           }
           $node "Face_EyelidLowerLeft" {
            $frame {
             1.0 0.0 0.0
             0.0 1.0 0.0
             0.0 0.0 1.0
             0.0012328 -0.0350036 -0.0439006
            }
           }
           $node "Face_EyelidLowerRight" {
            $frame {
             1.0 0.0 0.0
             0.0 1.0 0.0
             0.0 0.0 1.0
             0.0012324 0.0349999 -0.0439005
            }
           }
           $node "Face_Eyelids" {
            $frame {
             1.0 0.0 0.0
             0.0 1.0 0.0
             0.0 0.0 1.0
             0.0175076 0.0 -0.1039006
            }
           }
           $node "Face_Forehead" {
            $frame {
             1.0 0.0 0.0
             0.0 1.0 0.0
             0.0 0.0 1.0
             0.0625075 0.0 -0.0039006
            }
            $node "Face_BrowFrontLeft" {
             $frame {
              1.0 0.0 0.0
              0.0 1.0 0.0
              0.0 0.0 1.0
              -0.0299995 0.0699999 0.0299999
             }
            }
            $node "Face_BrowFrontRight" {
             $frame {
              1.0 0.0 0.0
              0.0 1.0 0.0
              0.0 0.0 1.0
              -0.03 -0.0700004 0.0299998
             }
            }
            $node "Face_BrowMiddle" {
             $frame {
              1.0 0.0 0.0
              0.0 1.0 0.0
              0.0 0.0 1.0
              -0.1099994 0.0 0.0699999
             }
            }
            $node "Face_BrowSideLeft" {
             $frame {
              1.0 0.0 0.0
              0.0 1.0 0.0
              0.0 0.0 1.0
              0.02 -0.0900002 0.1499999
             }
            }
            $node "Face_BrowSideRight" {
             $frame {
              1.0 0.0 0.0
              0.0 1.0 0.0
              0.0 0.0 1.0
              0.0200001 0.0900002 0.1499998
             }
            }
           }
           $node "Face_LipUpperLeft" {
            $frame {
             1.0 0.0 0.0
             0.0 1.0 0.0
             0.0 0.0 1.0
             -0.0489102 -0.0150036 0.1017961
            }
           }
           $node "Face_LipUpperMiddle" {
            $frame {
             1.0 0.0 0.0
             0.0 1.0 0.0
             0.0 0.0 1.0
             -0.047492 0.0 0.1080993
            }
           }
           $node "Face_LipUpperRight" {
            $frame {
             1.0 0.0 0.0
             0.0 1.0 0.0
             0.0 0.0 1.0
             -0.0489101 0.0149965 0.1017961
            }
           }
           $node "Face_NostrilLeft" {
            $frame {
             1.0 0.0 0.0
             0.0 1.0 0.0
             0.0 0.0 1.0
             0.0425076 0.0899967 0.1610992
            }
           }
           $node "Face_NostrilRight" {
            $frame {
             1.0 0.0 0.0
             0.0 1.0 0.0
             0.0 0.0 1.0
             0.0425078 -0.0900037 0.1610991
            }
           }
          }
          $node "pin_lookat" {
           $frame {
            1.0 0.0 0.0
            0.0 1.0 0.0
            0.0 0.0 1.0
            0.0 0.0 -0.25
           }
          }
         }
        }
       }
       $node "LeftShoulder" {
        $frame {
         0.2495348 -0.1863285 -0.9502706
         0.0 0.9813136 -0.1924154
         0.9683659 0.0480141 0.2448719
         0.1548663 -0.0100001 0.0501119
        }
        $node "LeftArm" {
         $frame {
          0.5949667 -0.0875143 -0.7989718
          -0.0505983 0.9880047 -0.1458986
          0.8021561 0.1272314 0.5834019
          0.1581118 0.0005639 -0.0005773
         }
         $node "LeftArmRoll" {
          $frame {
           1.0 0.0 0.0
           0.0 1.0 0.0
           0.0 0.0 1.0
           0.2000001 0.0 0.0
          }
          $node "LeftForeArm" {
           $frame {
            0.9675081 0.2528399 0.0
            -0.2528399 0.9675081 0.0
            0.0 0.0 1.0
            0.0899997 0.0 0.0
           }
           $node "LeftForeArmRoll" {
            $frame {
             1.0 0.0 0.0
             0.0 1.0 0.0
             0.0 0.0 1.0
             0.2039997 0.0 0.0
            }
            $node "LeftHand" {
             $frame {
              1.0 0.0 0.0
              0.0 1.0 0.0
              0.0 0.0 1.0
              0.071 0.0 0.0
             }
             $node "LeftHandRing" {
              $frame {
               1.0 0.0 0.0
               0.0 1.0 0.0
               0.0 0.0 1.0
               0.034 0.0 0.0100002
              }
              $node "LeftHandRing1" {
               $frame {
                0.9727981 -0.0339217 -0.2291574
                0.0564589 0.994109 0.0925183
                0.2246691 -0.1029396 0.9689826
                0.0492646 0.0029204 -0.0189689
               }
               $node "LeftHandRing2" {
                $frame {
                 0.9396957 0.0044303 -0.3419831
                 -0.0015383 1.0 0.0087272
                 0.3420083 -0.0076749 0.9396656
                 0.0472115 0.0 0.0
                }
                $node "LeftHandRing3" {
                 $frame {
                  0.9848088 0.0022674 -0.1736275
                  -0.000764 1.0 0.0087248
                  0.1736406 -0.0084596 0.9847727
                  0.0273984 -0.0009578 0.0
                 }
                 $node "LeftHandRing4" {
                  $frame {
                   1.0 0.0 0.0
                   0.0 1.0 0.0
                   0.0 0.0 1.0
                   0.024859 -0.0009613 0.0
                  }
                 }
                }
               }
              }
             }
             $node "LeftHandMiddle1" {
              $frame {
               0.9731359 0.0583549 -0.2227134
               -0.0491691 0.997704 0.0465742
               0.2249199 -0.0343724 0.9737708
               0.0869012 0.0045578 0.0140391
              }
              $node "LeftHandMiddle2" {
               $frame {
                0.939693 0.0 -0.3420191
                0.0 1.0 0.0
                0.3420191 0.0 0.939693
                0.0508619 0.0 0.0
               }
               $node "LeftHandMiddle3" {
                $frame {
                 0.9848075 0.0 -0.1736497
                 0.0 1.0 0.0
                 0.1736497 0.0 0.9848075
                 0.0299713 0.0 0.0
                }
                $node "LeftHandMiddle4" {
                 $frame {
                  1.0 0.0 0.0
                  0.0 1.0 0.0
                  0.0 0.0 1.0
                  0.0250922 0.0007818 0.0
                 }
                }
               }
              }
             }
             $node "LeftHandIndex1" {
              $frame {
               0.9592553 0.1675746 -0.2274818
               -0.1709971 0.9852602 0.0047242
               0.2249204 0.034367 0.9737709
               0.0861938 0.0015283 0.0374711
              }
              $node "LeftHandIndex2" {
               $frame {
                0.9396926 0.0 -0.3420202
                0.0 1.0 0.0
                0.3420202 0.0 0.9396926
                0.0446019 0.0 0.0
               }
               $node "LeftHandIndex3" {
                $frame {
                 0.9848078 0.0 -0.1736478
                 0.0 1.0 0.0
                 0.1736478 0.0 0.9848078
                 0.0264945 0.0 0.0
                }
                $node "LeftHandIndex4" {
                 $frame {
                  1.0 0.0 0.0
                  0.0 1.0 0.0
                  0.0 0.0 1.0
                  0.0218211 0.0008907 0.0
                 }
                }
               }
              }
             }
             $node "LeftHandThumb1" {
              $frame {
               0.791289 0.5270462 -0.3099744
               -0.3801968 0.027078 -0.9245092
               -0.4788655 0.8494052 0.2218078
               0.0150007 -0.0176753 0.0300007
              }
              $node "LeftHandThumb2" {
               $frame {
                0.9576865 -0.0039202 -0.2877868
                0.0043551 1.0 0.0008712
                0.2877805 -0.0020876 0.9576941
                0.0522577 0.0011588 0.0
               }
               $node "LeftHandThumb3" {
                $frame {
                 1.0 0.0 0.0
                 0.0 1.0 0.0
                 0.0 0.0 1.0
                 0.0347983 0.0 0.0
                }
                $node "LeftHandThumb4" {
                 $frame {
                  1.0 0.0 0.0
                  0.0 1.0 0.0
                  0.0 0.0 1.0
                  0.0302889 -0.0006916 0.0
                 }
                }
               }
              }
             }
             $node "LeftHandPinky" {
              $frame {
               1.0 0.0 0.0
               0.0 1.0 0.0
               0.0 0.0 1.0
               0.034 0.0 0.0100002
              }
              $node "LeftHandPinky1" {
               $frame {
                0.9580609 -0.139576 -0.2502756
                0.1786164 0.9738121 0.1406632
                0.2240882 -0.1794672 0.9579019
                0.0412536 -0.0025793 -0.0392901
               }
               $node "LeftHandPinky2" {
                $frame {
                 0.9396628 0.0178999 -0.3416334
                 0.0 0.9986296 0.0523356
                 0.342102 -0.0491794 0.938375
                 0.0371687 0.0 0.0
                }
                $node "LeftHandPinky3" {
                 $frame {
                  0.9848224 0.0090916 -0.1733269
                  0.0 0.9986295 0.0523379
                  0.1735652 -0.0515422 0.9834727
                  0.0206835 0.0 0.0
                 }
                 $node "LeftHandPinky4" {
                  $frame {
                   1.0 0.0 0.0
                   0.0 1.0 0.0
                   0.0 0.0 1.0
                   0.0206709 0.0007258 0.0
                  }
                 }
                }
               }
              }
             }
             $node "LeftHand_Dummy" {
              $frame {
               0.9659254 0.0 0.2588206
               0.0 -1.0 0.0
               0.2588206 0.0 -0.9659255
               0.1083587 0.0022362 0.0061082
              }
             }
             $node "LeftForeArmDirectionOrigin" {
              $frame {
               1.0 0.0 0.0
               0.0 1.0 0.0
               0.0 0.0 1.0
               -0.2749996 0.0 0.0
              }
             }
            }
            $node "LeftWristExtra" {
             $frame {
              1.0 0.0 0.0
              0.0 1.0 0.0
              0.0 0.0 1.0
              0.0610001 0.0 0.0
             }
            }
           }
           $node "LeftForeArmExtra" {
            $frame {
             1.0 0.0 0.0
             0.0 1.0 0.0
             0.0 0.0 1.0
             0.1239999 0.0 0.0
            }
           }
          }
          $node "LeftElbowExtra" {
           $frame {
            0.9918438 0.1274593 0.0
            -0.1274593 0.9918438 0.0
            0.0 0.0 1.0
            0.0949999 0.0 0.0
           }
          }
         }
         $node "LeftArmExtra" {
          $frame {
           1.0 0.0 0.0
           0.0 1.0 0.0
           0.0 0.0 1.0
           0.1300001 0.0 0.0
          }
         }
        }
        $node "LeftForeArmDirection" {
         $frame {
          0.5628418 0.1651363 -0.8099008
          -0.199388 0.9780294 0.0608522
          0.8021556 0.1272343 0.583402
          0.3306521 -0.2311376 -0.0259564
         }
        }
       }
       $node "RightShoulder" {
        $frame {
         -0.254817 0.1937461 -0.9473811
         0.0 -0.9797225 -0.2003596
         -0.9669893 -0.0510533 0.2496502
         0.1548666 0.0099999 0.0501121
        }
        $node "RightArm" {
         $frame {
          0.591253 -0.0812272 -0.8023852
          -0.0591385 0.9878699 -0.1435815
          0.8043149 0.1323449 0.5792774
          -0.1581121 0.0 -0.0006622
         }
         $node "RightArmExtra" {
          $frame {
           1.0 0.0 0.0
           0.0 1.0 0.0
           0.0 0.0 1.0
           -0.1299999 0.0 0.0
          }
         }
         $node "RightArmRoll" {
          $frame {
           1.0 0.0 0.0
           0.0 1.0 0.0
           0.0 0.0 1.0
           -0.1999999 0.0 0.0
          }
          $node "RightForeArm" {
           $frame {
            0.9675077 0.2528417 0.0
            -0.2528417 0.9675077 0.0
            0.0 0.0 1.0
            -0.0900001 0.0 0.0
           }
           $node "RightForeArmRoll" {
            $frame {
             1.0 0.0 0.0
             0.0 1.0 0.0
             0.0 0.0 1.0
             -0.2039996 0.0 0.0
            }
            $node "RightHand" {
             $frame {
              1.0 0.0 0.0
              0.0 1.0 0.0
              0.0 0.0 1.0
              -0.0710004 0.0 0.0
             }
             $node "RightHandRing" {
              $frame {
               1.0 0.0 0.0
               0.0 1.0 0.0
               0.0 0.0 1.0
               -0.0339998 0.0 -0.0099996
              }
              $node "RightHandRing1" {
               $frame {
                0.972798 -0.0339239 -0.2291576
                0.0564601 0.9941094 0.0925138
                0.2246693 -0.1029355 0.968983
                -0.0492633 -0.0029217 0.0189675
               }
               $node "RightHandRing2" {
                $frame {
                 0.9396957 0.0044285 -0.3419831
                 -0.0015368 1.0 0.0087262
                 0.3420084 -0.0076744 0.9396656
                 -0.0472136 0.0 0.0
                }
                $node "RightHandRing3" {
                 $frame {
                  0.9848092 0.0022703 -0.1736249
                  -0.0007663 1.0 0.0087286
                  0.1736381 -0.0084629 0.9847732
                  -0.0273973 0.0009555 0.0
                 }
                 $node "RightHandRing4" {
                  $frame {
                   1.0 0.0 0.0
                   0.0 1.0 0.0
                   0.0 0.0 1.0
                   -0.0234036 0.0009577 0.0
                  }
                 }
                }
               }
              }
             }
             $node "RightHandThumb1" {
              $frame {
               0.7912926 0.5270469 -0.3099639
               -0.3801824 0.0270739 -0.9245152
               -0.4788709 0.8494049 0.2217973
               -0.0150004 0.017675 -0.0299998
              }
              $node "RightHandThumb2" {
               $frame {
                0.957685 -0.003912 -0.2877919
                0.0043481 1.0 0.0008759
                0.2877856 -0.0020902 0.9576926
                -0.0522557 -0.0011668 0.0
               }
               $node "RightHandThumb3" {
                $frame {
                 1.0 0.0 0.0
                 0.0 1.0 0.0
                 0.0 0.0 1.0
                 -0.0348011 0.0 0.0
                }
                $node "RightHandThumb4" {
                 $frame {
                  1.0 0.0 0.0
                  0.0 1.0 0.0
                  0.0 0.0 1.0
                  -0.0308315 0.0008923 0.0
                 }
                }
               }
              }
             }
             $node "RightHandMiddle1" {
              $frame {
               0.9731359 0.0583544 -0.2227134
               -0.0491692 0.9977041 0.0465716
               0.2249197 -0.0343699 0.9737709
               -0.0868995 -0.004559 -0.014039
              }
              $node "RightHandMiddle2" {
               $frame {
                0.9396928 0.0 -0.3420196
                0.0 1.0 0.0
                0.3420196 0.0 0.9396928
                -0.0508631 0.0 0.0
               }
               $node "RightHandMiddle3" {
                $frame {
                 0.9848078 0.0 -0.1736477
                 0.0 1.0 0.0
                 0.1736477 0.0 0.9848078
                 -0.0299703 0.0 0.0
                }
                $node "RightHandMiddle4" {
                 $frame {
                  1.0 0.0 0.0
                  0.0 1.0 0.0
                  0.0 0.0 1.0
                  -0.0236837 -0.000725 0.0
                 }
                }
               }
              }
             }
             $node "RightHandIndex1" {
              $frame {
               0.9592556 0.1675745 -0.2274808
               -0.1709972 0.9852602 0.0047233
               0.2249193 0.0343677 0.9737711
               -0.0861926 -0.001529 -0.0374711
              }
              $node "RightHandIndex2" {
               $frame {
                0.9396928 0.0 -0.3420196
                0.0 1.0 0.0
                0.3420196 0.0 0.9396928
                -0.044602 0.0 0.0
               }
               $node "RightHandIndex3" {
                $frame {
                 0.9848073 0.0 -0.1736506
                 0.0 1.0 0.0
                 0.1736506 0.0 0.9848073
                 -0.0264949 0.0 0.0
                }
                $node "RightHandIndex4" {
                 $frame {
                  1.0 0.0 0.0
                  0.0 1.0 0.0
                  0.0 0.0 1.0
                  -0.021629 -0.0008839 0.0
                 }
                }
               }
              }
             }
             $node "RightHandPinky" {
              $frame {
               1.0 0.0 0.0
               0.0 1.0 0.0
               0.0 0.0 1.0
               -0.0339998 0.0 -0.0099996
              }
              $node "RightHandPinky1" {
               $frame {
                0.9580615 -0.1395763 -0.2502732
                0.1786154 0.9738128 0.1406595
                0.2240865 -0.179463 0.957903
                -0.041256 0.0025782 0.0392896
               }
               $node "RightHandPinky2" {
                $frame {
                 0.9397658 0.0178985 -0.34135
                 0.0 0.9986296 0.0523352
                 0.341819 -0.0491795 0.9384781
                 -0.0371644 0.0 0.0
                }
                $node "RightHandPinky3" {
                 $frame {
                  0.9847704 0.0090783 -0.1736225
                  0.0 0.9986296 0.0523356
                  0.1738597 -0.0515422 0.9834207
                  -0.0206913 0.0 0.0
                 }
                 $node "RightHandPinky4" {
                  $frame {
                   1.0 0.0 0.0
                   0.0 1.0 0.0
                   0.0 0.0 1.0
                   -0.020679 -0.0007086 0.0
                  }
                 }
                }
               }
              }
             }
             $node "RightHand_Dummy" {
              $frame {
               0.0098613 1.0 -0.0015769
               0.7642546 -0.0065202 0.6448819
               0.6448395 -0.0075646 -0.7642809
               0.5178457 0.048101 -0.2932349
              }
              $node "Weapon_Root" {
               $frame {
                1.0 0.0 0.0
                0.0 1.0 0.0
                0.0 0.0 1.0
                0.0 0.0 0.0
               }
               $node "Weapon_Bullet" {
                $frame {
                 1.0 0.0 0.0
                 0.0 1.0 0.0
                 0.0 0.0 1.0
                 0.0 0.0 0.0
                }
               }
               $node "Weapon_Trigger" {
                $frame {
                 1.0 0.0 0.0
                 0.0 1.0 0.0
                 0.0 0.0 1.0
                 0.0 0.0 0.0
                }
               }
               $node "Weapon_Magazine" {
                $frame {
                 0.9812942 0.0 -0.1925144
                 0.0 1.0 0.0
                 0.1925144 0.0 0.9812942
                 -0.065898 0.0331012 0.0
                }
               }
               $node "Weapon_Bolt" {
                $frame {
                 1.0 0.0 0.0
                 0.0 1.0 0.0
                 0.0 0.0 1.0
                 -0.0695709 0.086679 -0.0314596
                }
               }
               $node "Weapon_Bone_05" {
                $frame {
                 1.0 0.0 0.0
                 0.0 1.0 0.0
                 0.0 0.0 1.0
                 0.0 0.0 0.0
                }
               }
               $node "Weapon_Bone_04" {
                $frame {
                 1.0 0.0 0.0
                 0.0 1.0 0.0
                 0.0 0.0 1.0
                 0.0 0.0 0.0
                }
               }
               $node "Weapon_Bone_03" {
                $frame {
                 1.0 0.0 0.0
                 0.0 1.0 0.0
                 0.0 0.0 1.0
                 0.0 0.0 0.0
                }
               }
               $node "Weapon_Bone_02" {
                $frame {
                 1.0 0.0 0.0
                 0.0 1.0 0.0
                 0.0 0.0 1.0
                 0.0 0.0 0.0
                }
               }
               $node "Weapon_Bone_01" {
                $frame {
                 1.0 0.0 0.0
                 0.0 1.0 0.0
                 0.0 0.0 1.0
                 0.0 0.0 0.0
                }
               }
               $node "Weapon_Bone_06" {
                $frame {
                 1.0 0.0 0.0
                 0.0 1.0 0.0
                 0.0 0.0 1.0
                 0.0 0.0 0.0
                }
               }
              }
              $node "LeftHandOrigin" {
               $frame {
                -0.0246367 0.7655656 -0.6428862
                -0.9996375 -0.0258539 0.0075207
                -0.0108635 0.6428384 0.7659248
                0.2744187 -0.3624651 0.8200762
               }
              }
             }
             $node "RightForeArmDirectionOrigin" {
              $frame {
               1.0 0.0 0.0
               0.0 1.0 0.0
               0.0 0.0 1.0
               0.275 0.0 0.0
              }
             }
            }
            $node "RightWristExtra" {
             $frame {
              1.0 0.0 0.0
              0.0 1.0 0.0
              0.0 0.0 1.0
              -0.0609998 0.0 0.0
             }
            }
           }
           $node "RightForeArmExtra" {
            $frame {
             1.0 0.0 0.0
             0.0 1.0 0.0
             0.0 0.0 1.0
             -0.1239999 0.0 0.0
            }
           }
          }
          $node "RightElbowExtra" {
           $frame {
            0.9918436 0.1274606 0.0
            -0.1274606 0.9918436 0.0
            0.0 0.0 1.0
            -0.0949998 0.0 0.0
           }
          }
         }
        }
        $node "RightHandOrigin" {
         $frame {
          0.557088 0.171187 -0.8126181
          -0.206712 0.9763091 0.0639594
          0.8043154 0.1323469 0.5792764
          -0.4827749 0.4561617 -0.0241828
         }
        }
        $node "RightForeArmDirection" {
         $frame {
          0.5570891 0.1711869 -0.8126172
          -0.2067114 0.9763092 0.0639596
          0.8043147 0.132346 0.5792775
          -0.3295756 0.2326916 0.0228936
         }
        }
       }
       $node "Weapon_Holster" {
        $frame {
         -0.9997328 0.0174458 -0.0151706
         0.0125873 -0.1396766 -0.9901172
         -0.0193923 -0.9900435 0.1394196
         -0.0501848 -0.1625509 -0.0340027
        }
       }
       $node "Pistol_Holster" {
        $frame {
         0.5561134 0.018667 0.8308968
         0.2442572 -0.959268 -0.1419287
         0.7944032 0.2818809 -0.5380214
         -0.0151801 0.0760527 0.2001945
        }
       }
      }
      $node "Weapon2hnd_Holster" {
       $frame {
        0.2019579 -0.9652236 0.1660014
        -0.0175539 0.1658994 0.9859864
        -0.9792368 -0.2020416 0.0165613
        0.4708567 0.1425633 -0.0547953
       }
      }
     }
    }
   }
   $node "weapon" {
    $frame {
     0.0 -1.0 0.0
     0.0 0.0 -1.0
     1.0 0.0 0.0
     0.3709231 0.1543319 0.2103992
    }
   }
   $node "RightHipExtra" {
    $frame {
     0.9993072 0.0051605 -0.0368589
     0.0051569 -1.0 -0.0001925
     -0.0368594 0.0 -0.9993205
     -0.0816165 0.1029999 -0.0224699
    }
   }
   $node "LeftHipExtra" {
    $frame {
     -0.9993072 -0.0051605 -0.0368598
     -0.005157 1.0 -0.0001876
     0.0368603 0.0 -0.9993205
     -0.0816166 -0.1029999 -0.0224697
    }
   }
   $node "LeftHip_Helper" {
    $frame {
     -1.0 0.0 0.0
     0.0 1.0 0.0
     0.0 0.0 -1.0
     0.0 -0.103 -0.0199998
    }
   }
   $node "RightHip_Helper" {
    $frame {
     1.0 0.0 0.0
     0.0 -1.0 0.0
     0.0 0.0 -1.0
     0.0 0.103 -0.0200002
    }
   }
  }
  $node "Collision" {
   $frame {
    0.0 1.0 0.0
    0.0 0.0 -1.0
    -1.0 0.0 0.0
    0.0 0.0 0.0
   }
  }
 }
 $materials {
  $material "DefaultGeneratedMaterial" {
  }
  $material "Human_objects" {
  }
 }
 $lod 0 {
  $bones {
    "EntityPosition"
    "Pelvis"
    "LeftUpLeg"
    "LeftUpLegRoll"
    "LeftKneeExtra"
    "LeftLeg"
    "LeftLegRoll"
    "LeftFoot"
    "LeftToeBase"
    "LeftToeBase_End"
    "RightUpLeg"
    "RightUpLegRoll"
    "RightKneeExtra"
    "RightLeg"
    "RightLegRoll"
    "RightFoot"
    "RightToeBase"
    "RightToeBase_End"
    "Spine"
    "Spine1"
    "Spine2"
    "Spine3"
    "Neck"
    "Neck1"
    "Head"
    "Camera1st_lock"
    "Camera1st_free"
    "Face_Hub"
    "Face_EyelidUpperLeft"
    "Face_EyelidUpperRight"
    "Face_Jawbone"
    "Face_Chin"
    "Face_ChopLeft"
    "Face_ChopRight"
    "Face_Jowl"
    "Face_LipLowerLeft"
    "Face_LipLowerMiddle"
    "Face_LipLowerRight"
    "Face_Tongue"
    "EyeRight"
    "EyeLeft"
    "Face_CheekFrontLeft"
    "Face_CheekFrontRight"
    "Face_CheekUpperLeft"
    "Face_CheekUpperRight"
    "Face_CornerLeft"
    "Face_CheekSideLeft"
    "Face_CornerRight"
    "Face_CheekSideRight"
    "Face_EyelidLowerLeft"
    "Face_EyelidLowerRight"
    "Face_Eyelids"
    "Face_Forehead"
    "Face_BrowFrontLeft"
    "Face_BrowFrontRight"
    "Face_BrowMiddle"
    "Face_BrowSideLeft"
    "Face_BrowSideRight"
    "Face_LipUpperLeft"
    "Face_LipUpperMiddle"
    "Face_LipUpperRight"
    "Face_NostrilLeft"
    "Face_NostrilRight"
    "LeftShoulder"
    "LeftArm"
    "LeftArmRoll"
    "LeftForeArm"
    "LeftForeArmRoll"
    "LeftHand"
    "LeftHandRing"
    "LeftHandRing1"
    "LeftHandRing2"
    "LeftHandRing3"
    "LeftHandRing4"
    "LeftHandMiddle1"
    "LeftHandMiddle2"
    "LeftHandMiddle3"
    "LeftHandMiddle4"
    "LeftHandIndex1"
    "LeftHandIndex2"
    "LeftHandIndex3"
    "LeftHandIndex4"
    "LeftHandThumb1"
    "LeftHandThumb2"
    "LeftHandThumb3"
    "LeftHandThumb4"
    "LeftHandPinky"
    "LeftHandPinky1"
    "LeftHandPinky2"
    "LeftHandPinky3"
    "LeftHandPinky4"
    "LeftHand_Dummy"
    "LeftWristExtra"
    "LeftForeArmExtra"
    "LeftElbowExtra"
    "LeftArmExtra"
    "RightShoulder"
    "RightArm"
    "RightArmExtra"
    "RightArmRoll"
    "RightForeArm"
    "RightForeArmRoll"
    "RightHand"
    "RightHandRing"
    "RightHandRing1"
    "RightHandRing2"
    "RightHandRing3"
    "RightHandRing4"
    "RightHandThumb1"
    "RightHandThumb2"
    "RightHandThumb3"
    "RightHandThumb4"
    "RightHandMiddle1"
    "RightHandMiddle2"
    "RightHandMiddle3"
    "RightHandMiddle4"
    "RightHandIndex1"
    "RightHandIndex2"
    "RightHandIndex3"
    "RightHandIndex4"
    "RightHandPinky"
    "RightHandPinky1"
    "RightHandPinky2"
    "RightHandPinky3"
    "RightHandPinky4"
    "RightHand_Dummy"
    "Weapon_Root"
    "Weapon_Bullet"
    "Weapon_Trigger"
    "Weapon_Magazine"
    "Weapon_Bolt"
    "Weapon_Bone_05"
    "Weapon_Bone_04"
    "Weapon_Bone_03"
    "Weapon_Bone_02"
    "Weapon_Bone_01"
    "Weapon_Bone_06"
    "RightWristExtra"
    "RightForeArmExtra"
    "RightElbowExtra"
    "Weapon_Holster"
    "Pistol_Holster"
    "Weapon2hnd_Holster"
    "weapon"
    "RightHipExtra"
    "LeftHipExtra"
    "LeftHip_Helper"
    "RightHip_Helper"
  }
  $mesh "zEntityPosition" {
   #texCoords 1
   $faces {
     0 3 0 1 2
     0 3 3 4 5
     0 3 6 7 8
     0 3 9 10 11
     0 3 12 13 14
     0 3 15 16 17
     0 3 18 19 20
     0 3 21 22 23
     0 3 24 25 26
     0 3 27 28 29
     0 3 30 31 32
     0 3 33 34 35
     0 3 36 37 38
     0 3 39 40 41
     0 3 42 43 44
     0 3 45 46 47
     0 3 48 49 50
     0 3 51 52 53
     0 3 54 55 56
     0 3 57 58 59
     0 3 60 61 62
     0 3 63 64 65
     0 3 66 67 68
     0 3 69 70 71
     0 3 72 73 74
     0 3 75 76 77
     0 3 78 79 80
     0 3 81 82 83
     0 3 84 85 86
     0 3 87 88 89
     0 3 90 91 92
     0 3 93 94 95
     0 3 96 97 98
     0 3 99 100 101
     0 3 102 103 104
     0 3 105 106 107
     0 3 108 109 110
     0 3 111 112 113
     0 3 114 115 116
     0 3 117 118 119
     0 3 120 121 122
     0 3 123 124 125
     0 3 126 127 128
     0 3 129 130 131
     0 3 132 133 134
     0 3 135 136 137
     0 3 138 139 140
     0 3 141 142 143
     0 3 144 145 146
     0 3 147 148 149
     0 3 150 151 152
     0 3 153 154 155
     0 3 156 157 158
     0 3 159 160 161
     0 3 162 163 164
     0 3 165 166 167
     0 3 168 169 170
     0 3 171 172 173
     0 3 174 175 176
     0 3 177 178 179
     0 3 180 181 182
     0 3 183 184 185
     0 3 186 187 188
     0 3 189 190 191
     0 3 192 193 194
     0 3 195 196 197
     0 3 198 199 200
     0 3 201 202 203
     0 3 204 205 206
     0 3 207 208 209
     0 3 210 211 212
     0 3 213 214 215
     0 3 216 217 218
     0 3 219 220 221
     0 3 222 223 224
     0 3 225 226 227
     0 3 228 229 230
     0 3 231 232 233
     0 3 234 235 236
     0 3 237 238 239
     0 3 240 241 242
     0 3 243 244 245
     0 3 246 247 248
     0 3 249 250 251
     0 3 252 253 254
     0 3 255 256 257
     0 3 258 259 260
     0 3 261 262 263
   }
   $faceVerts {
     1 0 0
     2 1 1
     0 2 2
     3 3 3
     0 4 4
     2 5 5
     5 6 6
     1 7 7
     4 8 8
     0 9 9
     4 10 10
     1 11 11
     7 12 12
     5 13 13
     6 14 14
     4 15 15
     6 16 16
     5 17 17
     9 18 18
     7 19 19
     8 20 20
     6 21 21
     8 22 22
     7 23 23
     11 24 24
     9 25 25
     10 26 26
     8 27 27
     10 28 28
     9 29 29
     13 30 30
     14 31 31
     12 32 32
     15 33 33
     12 34 34
     14 35 35
     17 36 36
     13 37 37
     16 38 38
     12 39 39
     16 40 40
     13 41 41
     19 42 42
     17 43 43
     18 44 44
     16 45 45
     18 46 46
     17 47 47
     21 48 48
     19 49 49
     20 50 50
     18 51 51
     20 52 52
     19 53 53
     23 54 54
     21 55 55
     22 56 56
     20 57 57
     22 58 58
     21 59 59
     25 60 60
     23 61 61
     24 62 62
     22 63 63
     24 64 64
     23 65 65
     27 66 66
     25 67 67
     26 68 68
     24 69 69
     26 70 70
     25 71 71
     29 72 72
     27 73 73
     28 74 74
     26 75 75
     28 76 76
     27 77 77
     31 78 78
     29 79 79
     30 80 80
     28 81 81
     30 82 82
     29 83 83
     33 84 84
     31 85 85
     32 86 86
     30 87 87
     32 88 88
     31 89 89
     35 90 90
     33 91 91
     34 92 92
     32 93 93
     34 94 94
     33 95 95
     37 96 96
     35 97 97
     36 98 98
     34 99 99
     36 100 100
     35 101 101
     2 102 102
     37 103 103
     3 104 104
     36 105 105
     3 106 106
     37 107 107
     39 108 108
     40 109 109
     38 110 110
     42 111 111
     38 112 112
     41 113 113
     44 114 114
     41 115 115
     43 116 116
     41 117 117
     38 118 118
     43 119 119
     46 120 120
     43 121 121
     45 122 122
     48 123 123
     45 124 124
     47 125 125
     45 126 126
     43 127 127
     47 128 128
     50 129 129
     47 130 130
